version https://git-lfs.github.com/spec/v1
oid sha256:2a23682de40a46163387c07ffdd9df0823ecc02c899096a9fa36d5f8eb3916c5
size 12444
